-2000.000000	-609.600000	1.013800	292.110000	18.960000	1.074400	108866.000000	2273.700000	1.059800	1.298300	0.002519	342.600000	1124.000000	666.000000
-1800.000000	-548.600000	1.012400	291.720000	18.570000	1.066800	108092.000000	2257.500000	1.053700	1.290800	0.002505	342.400000	1123.000000	665.600000
-1600.000000	-487.700000	1.011000	291.320000	18.170000	1.059200	107322.000000	2241.500000	1.047700	1.283400	0.002490	342.200000	1123.000000	665.100000
-1400.000000	-426.700000	1.009600	290.920000	17.770000	1.051600	106557.000000	2225.500000	1.041600	1.276000	0.002476	341.900000	1122.000000	664.700000
-1200.000000	-365.800000	1.008300	290.530000	17.380000	1.044100	105797.000000	2209.600000	1.035600	1.268600	0.002461	341.700000	1121.000000	664.200000
-1000.000000	-304.800000	1.006900	290.130000	16.980000	1.036700	105041.000000	2193.800000	1.029600	1.261200	0.002447	341.500000	1120.000000	663.700000
-800.000000	-243.800000	1.005500	289.730000	16.580000	1.029300	104289.000000	2178.100000	1.023600	1.253900	0.002433	341.200000	1120.000000	663.300000
-600.000000	-182.900000	1.004100	289.340000	16.190000	1.021900	103541.000000	2162.500000	1.017700	1.246700	0.002419	341.000000	1119.000000	662.800000
-400.000000	-121.900000	1.002800	288.940000	15.790000	1.014500	102798.000000	2147.000000	1.011800	1.239400	0.002405	340.800000	1118.000000	662.400000
-200.000000	-61.000000	1.001400	288.550000	15.400000	1.007200	102059.000000	2131.600000	1.005900	1.232200	0.002391	340.500000	1117.000000	661.900000
0.000000	0.000000	1.000000	288.150000	15.000000	1.000000	101325.000000	2116.200000	1.000000	1.225000	0.002377	340.300000	1116.000000	661.500000
200.000000	61.000000	0.998600	287.750000	14.600000	0.992800	100595.000000	2101.000000	0.994200	1.217800	0.002363	340.100000	1116.000000	661.000000
400.000000	121.900000	0.997200	287.360000	14.210000	0.985600	99869.000000	2085.800000	0.988300	1.210700	0.002349	339.800000	1115.000000	660.600000
600.000000	182.900000	0.995900	286.960000	13.810000	0.978500	99147.000000	2070.700000	0.982600	1.203600	0.002335	339.600000	1114.000000	660.100000
800.000000	243.800000	0.994500	286.570000	13.420000	0.971400	98430.000000	2055.700000	0.976800	1.196600	0.002322	339.400000	1113.000000	659.700000
1000.000000	304.800000	0.993100	286.170000	13.020000	0.964400	97717.000000	2040.900000	0.971100	1.189600	0.002308	339.100000	1113.000000	659.200000
1200.000000	365.800000	0.991700	285.770000	12.620000	0.957400	97008.000000	2026.000000	0.965400	1.182600	0.002295	338.900000	1112.000000	658.700000
1400.000000	426.700000	0.990400	285.380000	12.230000	0.950400	96303.000000	2011.300000	0.959700	1.175600	0.002281	338.700000	1111.000000	658.300000
1600.000000	487.700000	0.989000	284.980000	11.830000	0.943500	95602.000000	1996.700000	0.954000	1.168700	0.002268	338.400000	1110.000000	657.800000
1800.000000	548.600000	0.987600	284.580000	11.430000	0.936600	94905.000000	1982.100000	0.948400	1.161800	0.002254	338.200000	1110.000000	657.400000
2000.000000	609.600000	0.986200	284.190000	11.040000	0.929800	94213.000000	1967.700000	0.942800	1.154900	0.002241	337.900000	1109.000000	656.900000
2200.000000	670.600000	0.984900	283.790000	10.640000	0.923000	93525.000000	1953.300000	0.937200	1.148100	0.002228	337.700000	1108.000000	656.500000
2400.000000	731.500000	0.983500	283.400000	10.250000	0.916300	92840.000000	1939.000000	0.931600	1.141300	0.002214	337.500000	1107.000000	656.000000
2600.000000	792.500000	0.982100	283.000000	9.850000	0.909500	92160.000000	1924.800000	0.926100	1.134500	0.002201	337.200000	1106.000000	655.500000
2800.000000	853.400000	0.980700	282.600000	9.450000	0.902900	91484.000000	1910.700000	0.920600	1.127700	0.002188	337.000000	1106.000000	655.100000
3000.000000	914.400000	0.979400	282.210000	9.060000	0.896200	90812.000000	1896.600000	0.915100	1.121000	0.002175	336.800000	1105.000000	654.600000
3200.000000	975.400000	0.978000	281.810000	8.660000	0.889600	90144.000000	1882.700000	0.909700	1.114300	0.002162	336.500000	1104.000000	654.200000
3400.000000	1036.300000	0.976600	281.410000	8.260000	0.883100	89479.000000	1868.800000	0.904200	1.107700	0.002149	336.300000	1103.000000	653.700000
3600.000000	1097.300000	0.975200	281.020000	7.870000	0.876600	88819.000000	1855.000000	0.898800	1.101100	0.002136	336.100000	1103.000000	653.200000
3800.000000	1158.200000	0.973900	280.620000	7.470000	0.870100	88163.000000	1841.300000	0.893400	1.094500	0.002124	335.800000	1102.000000	652.800000
4000.000000	1219.200000	0.972500	280.230000	7.080000	0.863700	87511.000000	1827.700000	0.888100	1.087900	0.002111	335.600000	1101.000000	652.300000
4200.000000	1280.200000	0.971100	279.830000	6.680000	0.857300	86862.000000	1814.200000	0.882800	1.081400	0.002098	335.300000	1100.000000	651.900000
4400.000000	1341.100000	0.969700	279.430000	6.280000	0.850900	86218.000000	1800.700000	0.877400	1.074900	0.002086	335.100000	1099.000000	651.400000
4600.000000	1402.100000	0.968400	279.040000	5.890000	0.844600	85577.000000	1787.300000	0.872200	1.068400	0.002073	334.900000	1099.000000	650.900000
4800.000000	1463.000000	0.967000	278.640000	5.490000	0.838300	84940.000000	1774.000000	0.866900	1.062000	0.002061	334.600000	1098.000000	650.500000
5000.000000	1524.000000	0.965600	278.240000	5.090000	0.832000	84307.000000	1760.800000	0.861700	1.055500	0.002048	334.400000	1097.000000	650.000000
5200.000000	1585.000000	0.964200	277.850000	4.700000	0.825800	83678.000000	1747.700000	0.856500	1.049200	0.002036	334.200000	1096.000000	649.500000
5400.000000	1645.900000	0.962900	277.450000	4.300000	0.819700	83053.000000	1734.600000	0.851300	1.042800	0.002023	333.900000	1096.000000	649.100000
5600.000000	1706.900000	0.961500	277.060000	3.910000	0.813500	82431.000000	1721.600000	0.846100	1.036500	0.002011	333.700000	1095.000000	648.600000
5800.000000	1767.800000	0.960100	276.660000	3.510000	0.807400	81814.000000	1708.700000	0.841000	1.030200	0.001999	333.400000	1094.000000	648.200000
6000.000000	1828.800000	0.958700	276.260000	3.110000	0.801400	81200.000000	1695.900000	0.835900	1.023900	0.001987	333.200000	1093.000000	647.700000
6200.000000	1889.800000	0.957400	275.870000	2.720000	0.795400	80589.000000	1683.100000	0.830800	1.017700	0.001975	333.000000	1092.000000	647.200000
6400.000000	1950.700000	0.956000	275.470000	2.320000	0.789400	79983.000000	1670.500000	0.825700	1.011500	0.001963	332.700000	1092.000000	646.800000
6600.000000	2011.700000	0.954600	275.070000	1.920000	0.783400	79380.000000	1657.900000	0.820700	1.005300	0.001951	332.500000	1091.000000	646.300000
6800.000000	2072.600000	0.953200	274.680000	1.530000	0.777500	78781.000000	1645.400000	0.815600	0.999200	0.001939	332.200000	1090.000000	645.800000
7000.000000	2133.600000	0.951900	274.280000	1.130000	0.771600	78185.000000	1632.900000	0.810600	0.993000	0.001927	332.000000	1089.000000	645.400000
7200.000000	2194.600000	0.950500	273.890000	0.740000	0.765800	77594.000000	1620.600000	0.805700	0.986900	0.001915	331.800000	1088.000000	644.900000
7400.000000	2255.500000	0.949100	273.490000	0.340000	0.760000	77005.000000	1608.300000	0.800700	0.980900	0.001903	331.500000	1088.000000	644.400000
7600.000000	2316.500000	0.947700	273.090000	-0.060000	0.754200	76421.000000	1596.100000	0.795800	0.974900	0.001892	331.300000	1087.000000	644.000000
7800.000000	2377.400000	0.946400	272.700000	-0.450000	0.748500	75840.000000	1583.900000	0.790900	0.968800	0.001880	331.000000	1086.000000	643.500000
8000.000000	2438.400000	0.945000	272.300000	-0.850000	0.742800	75262.000000	1571.900000	0.786000	0.962900	0.001868	330.800000	1085.000000	643.000000
8200.000000	2499.400000	0.943600	271.900000	-1.250000	0.737100	74689.000000	1559.900000	0.781200	0.956900	0.001857	330.600000	1085.000000	642.600000
8400.000000	2560.300000	0.942200	271.510000	-1.640000	0.731500	74118.000000	1548.000000	0.776300	0.951000	0.001845	330.300000	1084.000000	642.100000
8600.000000	2621.300000	0.940900	271.110000	-2.040000	0.725900	73551.000000	1536.200000	0.771500	0.945100	0.001834	330.100000	1083.000000	641.600000
8800.000000	2682.200000	0.939500	270.720000	-2.430000	0.720300	72988.000000	1524.400000	0.766700	0.939200	0.001822	329.800000	1082.000000	641.200000
9000.000000	2743.200000	0.938100	270.320000	-2.830000	0.714800	72428.000000	1512.700000	0.762000	0.933400	0.001811	329.600000	1081.000000	640.700000
9200.000000	2804.200000	0.936700	269.920000	-3.230000	0.709300	71872.000000	1501.100000	0.757200	0.927600	0.001800	329.400000	1081.000000	640.200000
9400.000000	2865.100000	0.935400	269.530000	-3.620000	0.703900	71319.000000	1489.500000	0.752500	0.921800	0.001789	329.100000	1080.000000	639.700000
9600.000000	2926.100000	0.934000	269.130000	-4.020000	0.698400	70770.000000	1478.100000	0.747800	0.916100	0.001777	328.900000	1079.000000	639.300000
9800.000000	2987.000000	0.932600	268.730000	-4.420000	0.693100	70224.000000	1466.700000	0.743100	0.910300	0.001766	328.600000	1078.000000	638.800000
10000.000000	3048.000000	0.931200	268.340000	-4.810000	0.687700	69682.000000	1455.300000	0.738500	0.904600	0.001755	328.400000	1077.000000	638.300000
10200.000000	3109.000000	0.929900	267.940000	-5.210000	0.682400	69143.000000	1444.100000	0.733800	0.899000	0.001744	328.100000	1077.000000	637.900000
10400.000000	3169.900000	0.928500	267.550000	-5.600000	0.677100	68607.000000	1432.900000	0.729200	0.893300	0.001733	327.900000	1076.000000	637.400000
10600.000000	3230.900000	0.927100	267.150000	-6.000000	0.671800	68074.000000	1421.800000	0.724700	0.887700	0.001722	327.700000	1075.000000	636.900000
10800.000000	3291.800000	0.925700	266.750000	-6.400000	0.666600	67545.000000	1410.700000	0.720100	0.882100	0.001712	327.400000	1074.000000	636.400000
11000.000000	3352.800000	0.924400	266.360000	-6.790000	0.661400	67020.000000	1399.700000	0.715600	0.876600	0.001701	327.200000	1073.000000	636.000000
11200.000000	3413.800000	0.923000	265.960000	-7.190000	0.656300	66497.000000	1388.800000	0.711000	0.871000	0.001690	326.900000	1073.000000	635.500000
11400.000000	3474.700000	0.921600	265.560000	-7.590000	0.651200	65978.000000	1378.000000	0.706500	0.865500	0.001679	326.700000	1072.000000	635.000000
11600.000000	3535.700000	0.920200	265.170000	-7.980000	0.646100	65463.000000	1367.200000	0.702100	0.860000	0.001669	326.400000	1071.000000	634.600000
11800.000000	3596.600000	0.918900	264.770000	-8.380000	0.641000	64950.000000	1356.500000	0.697600	0.854600	0.001658	326.200000	1070.000000	634.100000
12000.000000	3657.600000	0.917500	264.380000	-8.770000	0.636000	64441.000000	1345.900000	0.693200	0.849100	0.001648	326.000000	1069.000000	633.600000
12200.000000	3718.600000	0.916100	263.980000	-9.170000	0.631000	63935.000000	1335.300000	0.688800	0.843700	0.001637	325.700000	1069.000000	633.100000
12400.000000	3779.500000	0.914700	263.580000	-9.570000	0.626000	63432.000000	1324.800000	0.684400	0.838400	0.001627	325.500000	1068.000000	632.700000
12600.000000	3840.500000	0.913400	263.190000	-9.960000	0.621100	62932.000000	1314.400000	0.680000	0.833000	0.001616	325.200000	1067.000000	632.200000
12800.000000	3901.400000	0.912000	262.790000	-10.360000	0.616200	62436.000000	1304.000000	0.675700	0.827700	0.001606	325.000000	1066.000000	631.700000
13000.000000	3962.400000	0.910600	262.390000	-10.760000	0.611300	61943.000000	1293.700000	0.671300	0.822400	0.001596	324.700000	1065.000000	631.200000
13200.000000	4023.400000	0.909200	262.000000	-11.150000	0.606500	61453.000000	1283.500000	0.667000	0.817100	0.001585	324.500000	1065.000000	630.700000
13400.000000	4084.300000	0.907900	261.600000	-11.550000	0.601700	60966.000000	1273.300000	0.662700	0.811900	0.001575	324.200000	1064.000000	630.300000
13600.000000	4145.300000	0.906500	261.210000	-11.940000	0.596900	60482.000000	1263.200000	0.658500	0.806600	0.001565	324.000000	1063.000000	629.800000
13800.000000	4206.200000	0.905100	260.810000	-12.340000	0.592200	60001.000000	1253.200000	0.654200	0.801400	0.001555	323.700000	1062.000000	629.300000
14000.000000	4267.200000	0.903700	260.410000	-12.740000	0.587500	59524.000000	1243.200000	0.650000	0.796300	0.001545	323.500000	1061.000000	628.800000
14200.000000	4328.200000	0.902400	260.020000	-13.130000	0.582800	59049.000000	1233.300000	0.645800	0.791100	0.001535	323.300000	1061.000000	628.400000
14400.000000	4389.100000	0.901000	259.620000	-13.530000	0.578100	58578.000000	1223.400000	0.641600	0.786000	0.001525	323.000000	1060.000000	627.900000
14600.000000	4450.100000	0.899600	259.220000	-13.930000	0.573500	58110.000000	1213.600000	0.637500	0.780900	0.001515	322.800000	1059.000000	627.400000
14800.000000	4511.000000	0.898200	258.830000	-14.320000	0.568900	57644.000000	1203.900000	0.633400	0.775900	0.001505	322.500000	1058.000000	626.900000
15000.000000	4572.000000	0.896900	258.430000	-14.720000	0.564300	57182.000000	1194.300000	0.629200	0.770800	0.001496	322.300000	1057.000000	626.400000
15200.000000	4633.000000	0.895500	258.040000	-15.110000	0.559800	56723.000000	1184.700000	0.625100	0.765800	0.001486	322.000000	1057.000000	626.000000
15400.000000	4693.900000	0.894100	257.640000	-15.510000	0.555300	56266.000000	1175.100000	0.621100	0.760800	0.001476	321.800000	1056.000000	625.500000
15600.000000	4754.900000	0.892700	257.240000	-15.910000	0.550800	55813.000000	1165.700000	0.617000	0.755800	0.001467	321.500000	1055.000000	625.000000
15800.000000	4815.800000	0.891400	256.850000	-16.300000	0.546400	55363.000000	1156.300000	0.613000	0.750900	0.001457	321.300000	1054.000000	624.500000
16000.000000	4876.800000	0.890000	256.450000	-16.700000	0.542000	54915.000000	1146.900000	0.609000	0.746000	0.001447	321.000000	1053.000000	624.000000
16200.000000	4937.800000	0.888600	256.050000	-17.100000	0.537600	54471.000000	1137.600000	0.605000	0.741100	0.001438	320.800000	1052.000000	623.600000
16400.000000	4998.700000	0.887200	255.660000	-17.490000	0.533200	54029.000000	1128.400000	0.601000	0.736200	0.001428	320.500000	1052.000000	623.100000
16600.000000	5059.700000	0.885900	255.260000	-17.890000	0.528900	53590.000000	1119.300000	0.597000	0.731400	0.001419	320.300000	1051.000000	622.600000
16800.000000	5120.600000	0.884500	254.870000	-18.280000	0.524600	53155.000000	1110.200000	0.593100	0.726600	0.001410	320.000000	1050.000000	622.100000
17000.000000	5181.600000	0.883100	254.470000	-18.680000	0.520300	52722.000000	1101.100000	0.589200	0.721800	0.001400	319.800000	1049.000000	621.600000
17200.000000	5242.600000	0.881700	254.070000	-19.080000	0.516100	52292.000000	1092.100000	0.585300	0.717000	0.001391	319.500000	1048.000000	621.100000
17400.000000	5303.500000	0.880400	253.680000	-19.470000	0.511900	51865.000000	1083.200000	0.581400	0.712200	0.001382	319.300000	1048.000000	620.700000
17600.000000	5364.500000	0.879000	253.280000	-19.870000	0.507700	51440.000000	1074.300000	0.577600	0.707500	0.001373	319.000000	1047.000000	620.200000
17800.000000	5425.400000	0.877600	252.880000	-20.270000	0.503500	51019.000000	1065.500000	0.573700	0.702800	0.001364	318.800000	1046.000000	619.700000
18000.000000	5486.400000	0.876200	252.490000	-20.660000	0.499400	50600.000000	1056.800000	0.569900	0.698100	0.001355	318.500000	1045.000000	619.200000
18200.000000	5547.400000	0.874900	252.090000	-21.060000	0.495300	50184.000000	1048.100000	0.566100	0.693500	0.001346	318.300000	1044.000000	618.700000
18400.000000	5608.300000	0.873500	251.700000	-21.450000	0.491200	49771.000000	1039.500000	0.562300	0.688900	0.001337	318.000000	1043.000000	618.200000
18600.000000	5669.300000	0.872100	251.300000	-21.850000	0.487100	49360.000000	1030.900000	0.558600	0.684300	0.001328	317.800000	1043.000000	617.700000
18800.000000	5730.200000	0.870700	250.900000	-22.250000	0.483100	48953.000000	1022.400000	0.554800	0.679700	0.001319	317.500000	1042.000000	617.200000
19000.000000	5791.200000	0.869400	250.510000	-22.640000	0.479100	48548.000000	1013.900000	0.551100	0.675100	0.001310	317.300000	1041.000000	616.800000
19200.000000	5852.200000	0.868000	250.110000	-23.040000	0.475200	48145.000000	1005.500000	0.547400	0.670600	0.001301	317.000000	1040.000000	616.300000
19400.000000	5913.100000	0.866600	249.710000	-23.440000	0.471200	47746.000000	997.200000	0.543700	0.666100	0.001292	316.800000	1039.000000	615.800000
19600.000000	5974.100000	0.865200	249.320000	-23.830000	0.467300	47349.000000	988.900000	0.540100	0.661600	0.001284	316.500000	1039.000000	615.300000
19800.000000	6035.000000	0.863900	248.920000	-24.230000	0.463400	46955.000000	980.700000	0.536400	0.657100	0.001275	316.300000	1038.000000	614.800000
20000.000000	6096.000000	0.862500	248.530000	-24.620000	0.459500	46563.000000	972.500000	0.532800	0.652700	0.001266	316.000000	1037.000000	614.300000
20200.000000	6157.000000	0.861100	248.130000	-25.020000	0.455700	46174.000000	964.400000	0.529200	0.648300	0.001258	315.800000	1036.000000	613.800000
20400.000000	6217.900000	0.859700	247.730000	-25.420000	0.451900	45788.000000	956.300000	0.525600	0.643900	0.001249	315.500000	1035.000000	613.300000
20600.000000	6278.900000	0.858400	247.340000	-25.810000	0.448100	45405.000000	948.300000	0.522000	0.639500	0.001241	315.300000	1034.000000	612.800000
20800.000000	6339.800000	0.857000	246.940000	-26.210000	0.444300	45024.000000	940.300000	0.518500	0.635200	0.001232	315.000000	1034.000000	612.400000
21000.000000	6400.800000	0.855600	246.540000	-26.610000	0.440600	44645.000000	932.400000	0.515000	0.630800	0.001224	314.800000	1033.000000	611.900000
21200.000000	6461.800000	0.854200	246.150000	-27.000000	0.436900	44269.000000	924.600000	0.511500	0.626500	0.001216	314.500000	1032.000000	611.400000
21400.000000	6522.700000	0.852900	245.750000	-27.400000	0.433200	43896.000000	916.800000	0.508000	0.622300	0.001207	314.300000	1031.000000	610.900000
21600.000000	6583.700000	0.851500	245.360000	-27.790000	0.429600	43525.000000	909.000000	0.504500	0.618000	0.001199	314.000000	1030.000000	610.400000
21800.000000	6644.600000	0.850100	244.960000	-28.190000	0.425900	43157.000000	901.400000	0.501000	0.613800	0.001191	313.800000	1029.000000	609.900000
22000.000000	6705.600000	0.848700	244.560000	-28.590000	0.422300	42791.000000	893.700000	0.497600	0.609500	0.001183	313.500000	1029.000000	609.400000
22200.000000	6766.600000	0.847400	244.170000	-28.980000	0.418700	42428.000000	886.100000	0.494200	0.605300	0.001175	313.200000	1028.000000	608.900000
22400.000000	6827.500000	0.846000	243.770000	-29.380000	0.415200	42068.000000	878.600000	0.490800	0.601200	0.001166	313.000000	1027.000000	608.400000
22600.000000	6888.500000	0.844600	243.370000	-29.780000	0.411600	41710.000000	871.100000	0.487400	0.597000	0.001158	312.700000	1026.000000	607.900000
22800.000000	6949.400000	0.843200	242.980000	-30.170000	0.408100	41354.000000	863.700000	0.484000	0.592900	0.001150	312.500000	1025.000000	607.400000
23000.000000	7010.400000	0.841900	242.580000	-30.570000	0.404600	41001.000000	856.300000	0.480700	0.588800	0.001142	312.200000	1024.000000	606.900000
23200.000000	7071.400000	0.840500	242.190000	-30.960000	0.401200	40650.000000	849.000000	0.477300	0.584700	0.001135	312.000000	1024.000000	606.400000
23400.000000	7132.300000	0.839100	241.790000	-31.360000	0.397700	40302.000000	841.700000	0.474000	0.580700	0.001127	311.700000	1023.000000	605.900000
23600.000000	7193.300000	0.837700	241.390000	-31.760000	0.394300	39956.000000	834.500000	0.470700	0.576600	0.001119	311.500000	1022.000000	605.400000
23800.000000	7254.200000	0.836400	241.000000	-32.150000	0.390900	39612.000000	827.300000	0.467400	0.572600	0.001111	311.200000	1021.000000	604.900000
24000.000000	7315.200000	0.835000	240.600000	-32.550000	0.387600	39271.000000	820.200000	0.464200	0.568600	0.001103	311.000000	1020.000000	604.400000
24200.000000	7376.200000	0.833600	240.200000	-32.950000	0.384200	38932.000000	813.100000	0.460900	0.564600	0.001096	310.700000	1019.000000	603.900000
24400.000000	7437.100000	0.832200	239.810000	-33.340000	0.380900	38596.000000	806.100000	0.457700	0.560700	0.001088	310.400000	1019.000000	603.400000
24600.000000	7498.100000	0.830900	239.410000	-33.740000	0.377600	38262.000000	799.100000	0.454500	0.556700	0.001080	310.200000	1018.000000	602.900000
24800.000000	7559.000000	0.829500	239.020000	-34.130000	0.374300	37930.000000	792.200000	0.451300	0.552800	0.001073	309.900000	1017.000000	602.400000
25000.000000	7620.000000	0.828100	238.620000	-34.530000	0.371100	37601.000000	785.300000	0.448100	0.548900	0.001065	309.700000	1016.000000	601.900000
25200.000000	7681.000000	0.826700	238.220000	-34.930000	0.367900	37274.000000	778.500000	0.445000	0.545100	0.001058	309.400000	1015.000000	601.400000
25400.000000	7741.900000	0.825400	237.830000	-35.320000	0.364700	36949.000000	771.700000	0.441800	0.541200	0.001050	309.200000	1014.000000	600.900000
25600.000000	7802.900000	0.824000	237.430000	-35.720000	0.361500	36627.000000	765.000000	0.438700	0.537400	0.001043	308.900000	1013.000000	600.400000
25800.000000	7863.800000	0.822600	237.040000	-36.110000	0.358300	36307.000000	758.300000	0.435600	0.533600	0.001035	308.600000	1013.000000	599.900000
26000.000000	7924.800000	0.821200	236.640000	-36.510000	0.355200	35989.000000	751.600000	0.432500	0.529800	0.001028	308.400000	1012.000000	599.400000
26200.000000	7985.800000	0.819900	236.240000	-36.910000	0.352100	35673.000000	745.000000	0.429400	0.526000	0.001021	308.100000	1011.000000	598.900000
26400.000000	8046.700000	0.818500	235.850000	-37.300000	0.349000	35360.000000	738.500000	0.426400	0.522300	0.001013	307.900000	1010.000000	598.400000
26600.000000	8107.700000	0.817100	235.450000	-37.700000	0.345900	35049.000000	732.000000	0.423300	0.518600	0.001006	307.600000	1009.000000	597.900000
26800.000000	8168.600000	0.815700	235.050000	-38.100000	0.342900	34740.000000	725.600000	0.420300	0.514900	0.000999	307.300000	1008.000000	597.400000
27000.000000	8229.600000	0.814400	234.660000	-38.490000	0.339800	34433.000000	719.200000	0.417300	0.511200	0.000992	307.100000	1008.000000	596.900000
27200.000000	8290.600000	0.813000	234.260000	-38.890000	0.336800	34129.000000	712.800000	0.414300	0.507500	0.000985	306.800000	1007.000000	596.400000
27400.000000	8351.500000	0.811600	233.870000	-39.280000	0.333800	33826.000000	706.500000	0.411300	0.503900	0.000978	306.600000	1006.000000	595.900000
27600.000000	8412.500000	0.810200	233.470000	-39.680000	0.330900	33526.000000	700.200000	0.408400	0.500300	0.000971	306.300000	1005.000000	595.400000
27800.000000	8473.400000	0.808900	233.070000	-40.080000	0.327900	33228.000000	694.000000	0.405400	0.496700	0.000964	306.000000	1004.000000	594.900000
28000.000000	8534.400000	0.807500	232.680000	-40.470000	0.325000	32932.000000	687.800000	0.402500	0.493100	0.000957	305.800000	1003.000000	594.400000
28200.000000	8595.400000	0.806100	232.280000	-40.870000	0.322100	32639.000000	681.700000	0.399600	0.489500	0.000950	305.500000	1002.000000	593.900000
28400.000000	8656.300000	0.804700	231.880000	-41.270000	0.319200	32347.000000	675.600000	0.396700	0.486000	0.000943	305.300000	1002.000000	593.400000
28600.000000	8717.300000	0.803400	231.490000	-41.660000	0.316400	32058.000000	669.500000	0.393800	0.482400	0.000936	305.000000	1001.000000	592.900000
28800.000000	8778.200000	0.802000	231.090000	-42.060000	0.313500	31770.000000	663.500000	0.391000	0.478900	0.000929	304.700000	1000.000000	592.400000
29000.000000	8839.200000	0.800600	230.700000	-42.450000	0.310700	31485.000000	657.600000	0.388100	0.475400	0.000923	304.500000	999.000000	591.900000
29200.000000	8900.200000	0.799200	230.300000	-42.850000	0.307900	31202.000000	651.700000	0.385300	0.472000	0.000916	304.200000	998.100000	591.400000
29400.000000	8961.100000	0.797900	229.900000	-43.250000	0.305200	30921.000000	645.800000	0.382500	0.468500	0.000909	304.000000	997.200000	590.900000
29600.000000	9022.100000	0.796500	229.510000	-43.640000	0.302400	30642.000000	640.000000	0.379700	0.465100	0.000902	303.700000	996.400000	590.300000
29800.000000	9083.000000	0.795100	229.110000	-44.040000	0.299700	30365.000000	634.200000	0.376900	0.461700	0.000896	303.400000	995.500000	589.800000
30000.000000	9144.000000	0.793700	228.710000	-44.440000	0.297000	30090.000000	628.400000	0.374100	0.458300	0.000889	303.200000	994.700000	589.300000
30200.000000	9205.000000	0.792400	228.320000	-44.830000	0.294300	29817.000000	622.700000	0.371400	0.454900	0.000883	302.900000	993.800000	588.800000
30400.000000	9265.900000	0.791000	227.920000	-45.230000	0.291600	29546.000000	617.100000	0.368600	0.451600	0.000876	302.600000	992.900000	588.300000
30600.000000	9326.900000	0.789600	227.530000	-45.620000	0.288900	29277.000000	611.500000	0.365900	0.448300	0.000870	302.400000	992.100000	587.800000
30800.000000	9387.800000	0.788200	227.130000	-46.020000	0.286300	29010.000000	605.900000	0.363200	0.444900	0.000863	302.100000	991.200000	587.300000
31000.000000	9448.800000	0.786900	226.730000	-46.420000	0.283700	28745.000000	600.300000	0.360500	0.441700	0.000857	301.900000	990.300000	586.800000
31200.000000	9509.800000	0.785500	226.340000	-46.810000	0.281100	28482.000000	594.900000	0.357900	0.438400	0.000851	301.600000	989.500000	586.300000
31400.000000	9570.700000	0.784100	225.940000	-47.210000	0.278500	28221.000000	589.400000	0.355200	0.435100	0.000844	301.300000	988.600000	585.700000
31600.000000	9631.700000	0.782700	225.540000	-47.610000	0.276000	27961.000000	584.000000	0.352600	0.431900	0.000838	301.100000	987.700000	585.200000
31800.000000	9692.600000	0.781400	225.150000	-48.000000	0.273400	27704.000000	578.600000	0.349900	0.428700	0.000832	300.800000	986.900000	584.700000
32000.000000	9753.600000	0.780000	224.750000	-48.400000	0.270900	27449.000000	573.300000	0.347300	0.425500	0.000825	300.500000	986.000000	584.200000
32200.000000	9814.600000	0.778600	224.360000	-48.790000	0.268400	27195.000000	568.000000	0.344700	0.422300	0.000819	300.300000	985.100000	583.700000
32400.000000	9875.500000	0.777200	223.960000	-49.190000	0.265900	26944.000000	562.700000	0.342100	0.419100	0.000813	300.000000	984.300000	583.200000
32600.000000	9936.500000	0.775900	223.560000	-49.590000	0.263500	26694.000000	557.500000	0.339600	0.416000	0.000807	299.700000	983.400000	582.600000
32800.000000	9997.400000	0.774500	223.170000	-49.980000	0.261000	26447.000000	552.300000	0.337000	0.412800	0.000801	299.500000	982.500000	582.100000
33000.000000	10058.400000	0.773100	222.770000	-50.380000	0.258600	26201.000000	547.200000	0.334500	0.409700	0.000795	299.200000	981.700000	581.600000
33200.000000	10119.400000	0.771700	222.370000	-50.780000	0.256200	25957.000000	542.100000	0.331900	0.406600	0.000789	298.900000	980.800000	581.100000
33400.000000	10180.300000	0.770400	221.980000	-51.170000	0.253800	25715.000000	537.100000	0.329400	0.403600	0.000783	298.700000	979.900000	580.600000
33600.000000	10241.300000	0.769000	221.580000	-51.570000	0.251400	25474.000000	532.000000	0.326900	0.400500	0.000777	298.400000	979.000000	580.100000
33800.000000	10302.200000	0.767600	221.190000	-51.960000	0.249100	25236.000000	527.100000	0.324500	0.397500	0.000771	298.100000	978.200000	579.500000
34000.000000	10363.200000	0.766200	220.790000	-52.360000	0.246700	24999.000000	522.100000	0.322000	0.394400	0.000765	297.900000	977.300000	579.000000
34200.000000	10424.200000	0.764900	220.390000	-52.760000	0.244400	24764.000000	517.200000	0.319500	0.391400	0.000759	297.600000	976.400000	578.500000
34400.000000	10485.100000	0.763500	220.000000	-53.150000	0.242100	24531.000000	512.300000	0.317100	0.388500	0.000754	297.300000	975.500000	578.000000
34600.000000	10546.100000	0.762100	219.600000	-53.550000	0.239800	24300.000000	507.500000	0.314700	0.385500	0.000748	297.100000	974.600000	577.500000
34800.000000	10607.000000	0.760700	219.200000	-53.950000	0.237600	24070.000000	502.700000	0.312300	0.382500	0.000742	296.800000	973.800000	576.900000
35000.000000	10668.000000	0.759400	218.810000	-54.340000	0.235300	23842.000000	498.000000	0.309900	0.379600	0.000736	296.500000	972.900000	576.400000
35200.000000	10729.000000	0.758000	218.410000	-54.740000	0.233100	23616.000000	493.200000	0.307500	0.376700	0.000731	296.300000	972.000000	575.900000
35400.000000	10789.900000	0.756600	218.020000	-55.130000	0.230900	23392.000000	488.500000	0.305100	0.373800	0.000725	296.000000	971.100000	575.400000
35600.000000	10850.900000	0.755200	217.620000	-55.530000	0.228700	23169.000000	483.900000	0.302800	0.370900	0.000720	295.700000	970.200000	574.900000
35800.000000	10911.800000	0.753900	217.220000	-55.930000	0.226500	22948.000000	479.300000	0.300400	0.368000	0.000714	295.500000	969.400000	574.300000
36000.000000	10972.800000	0.752500	216.830000	-56.320000	0.224300	22729.000000	474.700000	0.298100	0.365200	0.000709	295.200000	968.500000	573.800000
36200.000000	11033.800000	0.751900	216.650000	-56.500000	0.222200	22512.000000	470.200000	0.295500	0.362000	0.000702	295.100000	968.100000	573.600000
36400.000000	11094.700000	0.751900	216.650000	-56.500000	0.220000	22297.000000	465.700000	0.292700	0.358500	0.000696	295.100000	968.100000	573.600000
36600.000000	11155.700000	0.751900	216.650000	-56.500000	0.217900	22083.000000	461.200000	0.289900	0.355100	0.000689	295.100000	968.100000	573.600000
36800.000000	11216.600000	0.751900	216.650000	-56.500000	0.215900	21872.000000	456.800000	0.287100	0.351700	0.000682	295.100000	968.100000	573.600000
37000.000000	11277.600000	0.751900	216.650000	-56.500000	0.213800	21663.000000	452.400000	0.284400	0.348300	0.000676	295.100000	968.100000	573.600000
37200.000000	11338.600000	0.751900	216.650000	-56.500000	0.211700	21455.000000	448.100000	0.281600	0.345000	0.000669	295.100000	968.100000	573.600000
37400.000000	11399.500000	0.751900	216.650000	-56.500000	0.209700	21250.000000	443.800000	0.278900	0.341700	0.000663	295.100000	968.100000	573.600000
37600.000000	11460.500000	0.751900	216.650000	-56.500000	0.207700	21047.000000	439.600000	0.276300	0.338400	0.000657	295.100000	968.100000	573.600000
37800.000000	11521.400000	0.751900	216.650000	-56.500000	0.205700	20846.000000	435.400000	0.273600	0.335200	0.000650	295.100000	968.100000	573.600000
38000.000000	11582.400000	0.751900	216.650000	-56.500000	0.203800	20646.000000	431.200000	0.271000	0.332000	0.000644	295.100000	968.100000	573.600000
38200.000000	11643.400000	0.751900	216.650000	-56.500000	0.201800	20449.000000	427.100000	0.268400	0.328800	0.000638	295.100000	968.100000	573.600000
38400.000000	11704.300000	0.751900	216.650000	-56.500000	0.199900	20253.000000	423.000000	0.265800	0.325700	0.000632	295.100000	968.100000	573.600000
38600.000000	11765.300000	0.751900	216.650000	-56.500000	0.198000	20059.000000	418.900000	0.263300	0.322500	0.000626	295.100000	968.100000	573.600000
38800.000000	11826.200000	0.751900	216.650000	-56.500000	0.196100	19867.000000	414.900000	0.260800	0.319500	0.000620	295.100000	968.100000	573.600000
39000.000000	11887.200000	0.751900	216.650000	-56.500000	0.194200	19677.000000	411.000000	0.258300	0.316400	0.000614	295.100000	968.100000	573.600000
39200.000000	11948.200000	0.751900	216.650000	-56.500000	0.192300	19489.000000	407.000000	0.255800	0.313400	0.000608	295.100000	968.100000	573.600000
39400.000000	12009.100000	0.751900	216.650000	-56.500000	0.190500	19303.000000	403.100000	0.253400	0.310400	0.000602	295.100000	968.100000	573.600000
39600.000000	12070.100000	0.751900	216.650000	-56.500000	0.188700	19118.000000	399.300000	0.250900	0.307400	0.000597	295.100000	968.100000	573.600000
39800.000000	12131.000000	0.751900	216.650000	-56.500000	0.186900	18935.000000	395.500000	0.248500	0.304500	0.000591	295.100000	968.100000	573.600000
40000.000000	12192.000000	0.751900	216.650000	-56.500000	0.185100	18754.000000	391.700000	0.246200	0.301600	0.000585	295.100000	968.100000	573.600000
40200.000000	12253.000000	0.751900	216.650000	-56.500000	0.183300	18574.000000	387.900000	0.243800	0.298700	0.000580	295.100000	968.100000	573.600000
40400.000000	12313.900000	0.751900	216.650000	-56.500000	0.181600	18397.000000	384.200000	0.241500	0.295800	0.000574	295.100000	968.100000	573.600000
40600.000000	12374.900000	0.751900	216.650000	-56.500000	0.179800	18221.000000	380.500000	0.239200	0.293000	0.000568	295.100000	968.100000	573.600000
40800.000000	12435.800000	0.751900	216.650000	-56.500000	0.178100	18046.000000	376.900000	0.236900	0.290200	0.000563	295.100000	968.100000	573.600000
41000.000000	12496.800000	0.751900	216.650000	-56.500000	0.176400	17874.000000	373.300000	0.234600	0.287400	0.000558	295.100000	968.100000	573.600000
41200.000000	12557.800000	0.751900	216.650000	-56.500000	0.174700	17703.000000	369.700000	0.232400	0.284700	0.000552	295.100000	968.100000	573.600000
41400.000000	12618.700000	0.751900	216.650000	-56.500000	0.173000	17533.000000	366.200000	0.230200	0.281900	0.000547	295.100000	968.100000	573.600000
41600.000000	12679.700000	0.751900	216.650000	-56.500000	0.171400	17366.000000	362.700000	0.227900	0.279200	0.000542	295.100000	968.100000	573.600000
41800.000000	12740.600000	0.751900	216.650000	-56.500000	0.169700	17200.000000	359.200000	0.225800	0.276600	0.000537	295.100000	968.100000	573.600000
42000.000000	12801.600000	0.751900	216.650000	-56.500000	0.168100	17035.000000	355.800000	0.223600	0.273900	0.000531	295.100000	968.100000	573.600000
42200.000000	12862.600000	0.751900	216.650000	-56.500000	0.166500	16872.000000	352.400000	0.221500	0.271300	0.000526	295.100000	968.100000	573.600000
42400.000000	12923.500000	0.751900	216.650000	-56.500000	0.164900	16711.000000	349.000000	0.219400	0.268700	0.000521	295.100000	968.100000	573.600000
42600.000000	12984.500000	0.751900	216.650000	-56.500000	0.163300	16551.000000	345.700000	0.217300	0.266100	0.000516	295.100000	968.100000	573.600000
42800.000000	13045.400000	0.751900	216.650000	-56.500000	0.161800	16393.000000	342.400000	0.215200	0.263600	0.000511	295.100000	968.100000	573.600000
43000.000000	13106.400000	0.751900	216.650000	-56.500000	0.160200	16236.000000	339.100000	0.213100	0.261100	0.000507	295.100000	968.100000	573.600000
43200.000000	13167.400000	0.751900	216.650000	-56.500000	0.158700	16080.000000	335.800000	0.211100	0.258600	0.000502	295.100000	968.100000	573.600000
43400.000000	13228.300000	0.751900	216.650000	-56.500000	0.157200	15927.000000	332.600000	0.209100	0.256100	0.000497	295.100000	968.100000	573.600000
43600.000000	13289.300000	0.751900	216.650000	-56.500000	0.155700	15774.000000	329.500000	0.207100	0.253600	0.000492	295.100000	968.100000	573.600000
43800.000000	13350.200000	0.751900	216.650000	-56.500000	0.154200	15623.000000	326.300000	0.205100	0.251200	0.000487	295.100000	968.100000	573.600000
44000.000000	13411.200000	0.751900	216.650000	-56.500000	0.152700	15474.000000	323.200000	0.203100	0.248800	0.000483	295.100000	968.100000	573.600000
44200.000000	13472.200000	0.751900	216.650000	-56.500000	0.151300	15326.000000	320.100000	0.201200	0.246400	0.000478	295.100000	968.100000	573.600000
44400.000000	13533.100000	0.751900	216.650000	-56.500000	0.149800	15179.000000	317.000000	0.199200	0.244100	0.000474	295.100000	968.100000	573.600000
44600.000000	13594.100000	0.751900	216.650000	-56.500000	0.148400	15034.000000	314.000000	0.197300	0.241700	0.000469	295.100000	968.100000	573.600000
44800.000000	13655.000000	0.751900	216.650000	-56.500000	0.147000	14890.000000	311.000000	0.195500	0.239400	0.000465	295.100000	968.100000	573.600000
45000.000000	13716.000000	0.751900	216.650000	-56.500000	0.145500	14748.000000	308.000000	0.193600	0.237100	0.000460	295.100000	968.100000	573.600000
45200.000000	13777.000000	0.751900	216.650000	-56.500000	0.144200	14607.000000	305.100000	0.191700	0.234900	0.000456	295.100000	968.100000	573.600000
45400.000000	13837.900000	0.751900	216.650000	-56.500000	0.142800	14467.000000	302.100000	0.189900	0.232600	0.000451	295.100000	968.100000	573.600000
45600.000000	13898.900000	0.751900	216.650000	-56.500000	0.141400	14328.000000	299.300000	0.188100	0.230400	0.000447	295.100000	968.100000	573.600000
45800.000000	13959.800000	0.751900	216.650000	-56.500000	0.140100	14191.000000	296.400000	0.186300	0.228200	0.000443	295.100000	968.100000	573.600000
46000.000000	14020.800000	0.751900	216.650000	-56.500000	0.138700	14056.000000	293.600000	0.184500	0.226000	0.000438	295.100000	968.100000	573.600000
46200.000000	14081.800000	0.751900	216.650000	-56.500000	0.137400	13921.000000	290.700000	0.182700	0.223800	0.000434	295.100000	968.100000	573.600000
46400.000000	14142.700000	0.751900	216.650000	-56.500000	0.136100	13788.000000	288.000000	0.181000	0.221700	0.000430	295.100000	968.100000	573.600000
46600.000000	14203.700000	0.751900	216.650000	-56.500000	0.134800	13656.000000	285.200000	0.179300	0.219600	0.000426	295.100000	968.100000	573.600000
46800.000000	14264.600000	0.751900	216.650000	-56.500000	0.133500	13525.000000	282.500000	0.177500	0.217500	0.000422	295.100000	968.100000	573.600000
47000.000000	14325.600000	0.751900	216.650000	-56.500000	0.132200	13396.000000	279.800000	0.175800	0.215400	0.000418	295.100000	968.100000	573.600000
47200.000000	14386.600000	0.751900	216.650000	-56.500000	0.130900	13268.000000	277.100000	0.174200	0.213300	0.000414	295.100000	968.100000	573.600000
47400.000000	14447.500000	0.751900	216.650000	-56.500000	0.129700	13141.000000	274.500000	0.172500	0.211300	0.000410	295.100000	968.100000	573.600000
47600.000000	14508.500000	0.751900	216.650000	-56.500000	0.128500	13015.000000	271.800000	0.170800	0.209300	0.000406	295.100000	968.100000	573.600000
47800.000000	14569.400000	0.751900	216.650000	-56.500000	0.127200	12891.000000	269.200000	0.169200	0.207300	0.000402	295.100000	968.100000	573.600000
48000.000000	14630.400000	0.751900	216.650000	-56.500000	0.126000	12767.000000	266.700000	0.167600	0.205300	0.000398	295.100000	968.100000	573.600000
48200.000000	14691.400000	0.751900	216.650000	-56.500000	0.124800	12645.000000	264.100000	0.166000	0.203300	0.000394	295.100000	968.100000	573.600000
48400.000000	14752.300000	0.751900	216.650000	-56.500000	0.123600	12524.000000	261.600000	0.164400	0.201400	0.000391	295.100000	968.100000	573.600000
48600.000000	14813.300000	0.751900	216.650000	-56.500000	0.122400	12404.000000	259.100000	0.162800	0.199500	0.000387	295.100000	968.100000	573.600000
48800.000000	14874.200000	0.751900	216.650000	-56.500000	0.121300	12286.000000	256.600000	0.161300	0.197600	0.000383	295.100000	968.100000	573.600000
49000.000000	14935.200000	0.751900	216.650000	-56.500000	0.120100	12168.000000	254.100000	0.159700	0.195700	0.000380	295.100000	968.100000	573.600000
49200.000000	14996.200000	0.751900	216.650000	-56.500000	0.118900	12052.000000	251.700000	0.158200	0.193800	0.000376	295.100000	968.100000	573.600000
49400.000000	15057.100000	0.751900	216.650000	-56.500000	0.117800	11937.000000	249.300000	0.156700	0.191900	0.000372	295.100000	968.100000	573.600000
49600.000000	15118.100000	0.751900	216.650000	-56.500000	0.116700	11822.000000	246.900000	0.155200	0.190100	0.000369	295.100000	968.100000	573.600000
49800.000000	15179.000000	0.751900	216.650000	-56.500000	0.115600	11709.000000	244.600000	0.153700	0.188300	0.000365	295.100000	968.100000	573.600000
50000.000000	15240.000000	0.751900	216.650000	-56.500000	0.114500	11597.000000	242.200000	0.152200	0.186500	0.000362	295.100000	968.100000	573.600000
50200.000000	15301.000000	0.751900	216.650000	-56.500000	0.113400	11486.000000	239.900000	0.150800	0.184700	0.000358	295.100000	968.100000	573.600000
50400.000000	15361.900000	0.751900	216.650000	-56.500000	0.112300	11376.000000	237.600000	0.149300	0.182900	0.000355	295.100000	968.100000	573.600000
50600.000000	15422.900000	0.751900	216.650000	-56.500000	0.111200	11268.000000	235.300000	0.147900	0.181200	0.000351	295.100000	968.100000	573.600000
50800.000000	15483.800000	0.751900	216.650000	-56.500000	0.110100	11160.000000	233.100000	0.146500	0.179400	0.000348	295.100000	968.100000	573.600000
51000.000000	15544.800000	0.751900	216.650000	-56.500000	0.109100	11053.000000	230.800000	0.145100	0.177700	0.000345	295.100000	968.100000	573.600000
51200.000000	15605.800000	0.751900	216.650000	-56.500000	0.108000	10947.000000	228.600000	0.143700	0.176000	0.000342	295.100000	968.100000	573.600000
51400.000000	15666.700000	0.751900	216.650000	-56.500000	0.107000	10843.000000	226.500000	0.142300	0.174300	0.000338	295.100000	968.100000	573.600000
51600.000000	15727.700000	0.751900	216.650000	-56.500000	0.106000	10739.000000	224.300000	0.141000	0.172700	0.000335	295.100000	968.100000	573.600000
51800.000000	15788.600000	0.751900	216.650000	-56.500000	0.105000	10636.000000	222.100000	0.139600	0.171000	0.000332	295.100000	968.100000	573.600000
52000.000000	15849.600000	0.751900	216.650000	-56.500000	0.104000	10534.000000	220.000000	0.138300	0.169400	0.000329	295.100000	968.100000	573.600000
52200.000000	15910.600000	0.751900	216.650000	-56.500000	0.103000	10434.000000	217.900000	0.137000	0.167800	0.000325	295.100000	968.100000	573.600000
52400.000000	15971.500000	0.751900	216.650000	-56.500000	0.102000	10334.000000	215.800000	0.135600	0.166200	0.000322	295.100000	968.100000	573.600000
52600.000000	16032.500000	0.751900	216.650000	-56.500000	0.101000	10235.000000	213.800000	0.134300	0.164600	0.000319	295.100000	968.100000	573.600000
52800.000000	16093.400000	0.751900	216.650000	-56.500000	0.100000	10137.000000	211.700000	0.133100	0.163000	0.000316	295.100000	968.100000	573.600000
53000.000000	16154.400000	0.751900	216.650000	-56.500000	0.099100	10040.000000	209.700000	0.131800	0.161400	0.000313	295.100000	968.100000	573.600000
53200.000000	16215.400000	0.751900	216.650000	-56.500000	0.098100	9944.000000	207.700000	0.130500	0.159900	0.000310	295.100000	968.100000	573.600000
53400.000000	16276.300000	0.751900	216.650000	-56.500000	0.097200	9849.000000	205.700000	0.129300	0.158400	0.000307	295.100000	968.100000	573.600000
53600.000000	16337.300000	0.751900	216.650000	-56.500000	0.096300	9755.000000	203.700000	0.128000	0.156900	0.000304	295.100000	968.100000	573.600000
53800.000000	16398.200000	0.751900	216.650000	-56.500000	0.095300	9661.000000	201.800000	0.126800	0.155400	0.000301	295.100000	968.100000	573.600000
54000.000000	16459.200000	0.751900	216.650000	-56.500000	0.094400	9569.000000	199.800000	0.125600	0.153900	0.000298	295.100000	968.100000	573.600000
54200.000000	16520.200000	0.751900	216.650000	-56.500000	0.093500	9477.000000	197.900000	0.124400	0.152400	0.000296	295.100000	968.100000	573.600000
54400.000000	16581.100000	0.751900	216.650000	-56.500000	0.092600	9387.000000	196.000000	0.123200	0.150900	0.000293	295.100000	968.100000	573.600000
54600.000000	16642.100000	0.751900	216.650000	-56.500000	0.091800	9297.000000	194.200000	0.122000	0.149500	0.000290	295.100000	968.100000	573.600000
54800.000000	16703.000000	0.751900	216.650000	-56.500000	0.090900	9208.000000	192.300000	0.120900	0.148100	0.000287	295.100000	968.100000	573.600000
55000.000000	16764.000000	0.751900	216.650000	-56.500000	0.090000	9120.000000	190.500000	0.119700	0.146600	0.000284	295.100000	968.100000	573.600000
55200.000000	16825.000000	0.751900	216.650000	-56.500000	0.089100	9033.000000	188.600000	0.118600	0.145200	0.000282	295.100000	968.100000	573.600000
55400.000000	16885.900000	0.751900	216.650000	-56.500000	0.088300	8946.000000	186.800000	0.117400	0.143900	0.000279	295.100000	968.100000	573.600000
55600.000000	16946.900000	0.751900	216.650000	-56.500000	0.087400	8861.000000	185.100000	0.116300	0.142500	0.000276	295.100000	968.100000	573.600000
55800.000000	17007.800000	0.751900	216.650000	-56.500000	0.086600	8776.000000	183.300000	0.115200	0.141100	0.000274	295.100000	968.100000	573.600000
56000.000000	17068.800000	0.751900	216.650000	-56.500000	0.085800	8692.000000	181.500000	0.114100	0.139800	0.000271	295.100000	968.100000	573.600000
56200.000000	17129.800000	0.751900	216.650000	-56.500000	0.085000	8609.000000	179.800000	0.113000	0.138400	0.000269	295.100000	968.100000	573.600000
56400.000000	17190.700000	0.751900	216.650000	-56.500000	0.084100	8526.000000	178.100000	0.111900	0.137100	0.000266	295.100000	968.100000	573.600000
56600.000000	17251.700000	0.751900	216.650000	-56.500000	0.083300	8445.000000	176.400000	0.110800	0.135800	0.000264	295.100000	968.100000	573.600000
56800.000000	17312.600000	0.751900	216.650000	-56.500000	0.082500	8364.000000	174.700000	0.109800	0.134500	0.000261	295.100000	968.100000	573.600000
57000.000000	17373.600000	0.751900	216.650000	-56.500000	0.081800	8284.000000	173.000000	0.108700	0.133200	0.000258	295.100000	968.100000	573.600000
57200.000000	17434.600000	0.751900	216.650000	-56.500000	0.081000	8205.000000	171.400000	0.107700	0.131900	0.000256	295.100000	968.100000	573.600000
57400.000000	17495.500000	0.751900	216.650000	-56.500000	0.080200	8126.000000	169.700000	0.106700	0.130700	0.000253	295.100000	968.100000	573.600000
57600.000000	17556.500000	0.751900	216.650000	-56.500000	0.079400	8048.000000	168.100000	0.105600	0.129400	0.000251	295.100000	968.100000	573.600000
57800.000000	17617.400000	0.751900	216.650000	-56.500000	0.078700	7971.000000	166.500000	0.104600	0.128200	0.000249	295.100000	968.100000	573.600000
58000.000000	17678.400000	0.751900	216.650000	-56.500000	0.077900	7895.000000	164.900000	0.103600	0.127000	0.000246	295.100000	968.100000	573.600000
58200.000000	17739.400000	0.751900	216.650000	-56.500000	0.077200	7820.000000	163.300000	0.102600	0.125700	0.000244	295.100000	968.100000	573.600000
58400.000000	17800.300000	0.751900	216.650000	-56.500000	0.076400	7745.000000	161.800000	0.101700	0.124500	0.000242	295.100000	968.100000	573.600000
58600.000000	17861.300000	0.751900	216.650000	-56.500000	0.075700	7671.000000	160.200000	0.100700	0.123300	0.000239	295.100000	968.100000	573.600000
58800.000000	17922.200000	0.751900	216.650000	-56.500000	0.075000	7597.000000	158.700000	0.099700	0.122200	0.000237	295.100000	968.100000	573.600000
59000.000000	17983.200000	0.751900	216.650000	-56.500000	0.074300	7525.000000	157.200000	0.098800	0.121000	0.000235	295.100000	968.100000	573.600000
59200.000000	18044.200000	0.751900	216.650000	-56.500000	0.073600	7453.000000	155.700000	0.097800	0.119800	0.000233	295.100000	968.100000	573.600000
59400.000000	18105.100000	0.751900	216.650000	-56.500000	0.072800	7381.000000	154.200000	0.096900	0.118700	0.000230	295.100000	968.100000	573.600000
59600.000000	18166.100000	0.751900	216.650000	-56.500000	0.072200	7311.000000	152.700000	0.096000	0.117600	0.000228	295.100000	968.100000	573.600000
59800.000000	18227.000000	0.751900	216.650000	-56.500000	0.071500	7241.000000	151.200000	0.095000	0.116400	0.000226	295.100000	968.100000	573.600000
60000.000000	18288.000000	0.751900	216.650000	-56.500000	0.070800	7172.000000	149.800000	0.094100	0.115300	0.000224	295.100000	968.100000	573.600000
